226.9 50.0 226.9 50.0 0975 0946 019 344 48.40 000 062 0039 0000 058.7 58.35 00000 00010110 00 00 00009 010
227.3 50.0 226.9 50.0 0965 0946 019 344 49.30 000 072 0039 0000 055.7 59.35 00000 00010000 00 00 00009 010
227.9 50.0 226.9 50.0 0970 0946 019 344 50.20 000 082 0039 0000 054.7 60.35 00000 00010101 00 00 00009 010
225.5 50.0 226.9 50.0 1005 0946 019 344 51.10 000 092 0039 0000 057.7 61.35 00000 00010000 00 00 00009 010
227.2 50.0 226.9 50.0 0970 0946 019 344 52.00 000 082 0039 0000 051.7 62.35 00000 00010110 00 00 00009 010
229.1 50.0 226.9 50.0 0973 0946 019 344 53.40 000 072 0039 0000 055.7 63.35 00000 00010000 00 00 00009 010
226.8 50.0 226.9 50.0 0972 0946 019 344 52.40 000 062 0039 0000 057.7 62.35 00000 00010110 00 00 00009 010
227.0 50.0 226.9 50.0 0971 0946 019 344 51.40 000 052 0039 0000 058.7 61.35 00000 00000100 00 00 00009 010
231.7 50.0 226.9 50.0 0970 0946 019 344 50.40 000 042 0039 0000 057.7 60.35 00000 00010101 00 00 00009 010
227.4 50.0 226.9 50.0 0974 0946 019 344 49.40 000 032 0039 0000 062.7 59.35 00000 00010111 00 00 00009 010
